   4.2976860e+00
   1.4970613e+02
   1.5005920e+02
   1.4990769e+02
   1.5030021e+02
   1.4969352e+02
   1.5048706e+02
   1.5056420e+02
   1.4993854e+02
   1.4970251e+02
   1.4977772e+02
   1.5017112e+02
   1.5037451e+02
   1.5020658e+02
   1.4977140e+02
   1.5009714e+02
   1.4973165e+02
   1.4983747e+02
   1.4995452e+02
   1.5018060e+02
   1.4967618e+02
   1.4989669e+02
   1.4978541e+02
   1.4999839e+02
   1.4978663e+02
   1.4984169e+02
   1.5053604e+02
   1.5041802e+02
   1.5036190e+02
   1.5011944e+02
   1.5031714e+02
   1.4990280e+02
   1.4988565e+02
   1.4996603e+02
   1.5011419e+02
   1.5014165e+02
   1.5027745e+02
   1.4998450e+02
   1.5002901e+02
   1.4948859e+02
   1.5000060e+02
   1.5059595e+02
   1.5069478e+02
   1.5012823e+02
   1.4935844e+02
   1.4968150e+02
   1.5000781e+02
   1.4963211e+02
   1.4984713e+02
   1.4955533e+02
   1.5012458e+02
   1.5033816e+02
   1.5004734e+02
   1.5019004e+02
   1.4969734e+02
   1.5017543e+02
   1.5012164e+02
   1.4962941e+02
   1.4977071e+02
   1.4980044e+02
   1.4992276e+02
   1.4983301e+02
   1.5000783e+02
   1.5024763e+02
   1.5034281e+02
   1.5042651e+02
   1.4983010e+02
   1.5030759e+02
   1.4965838e+02
   1.4974483e+02
   1.4998788e+02
   1.4991510e+02
   1.4954316e+02
   1.5006945e+02
   1.4972176e+02
   1.5021518e+02
   1.5014559e+02
   1.5009257e+02
   1.5045399e+02
   1.4995576e+02
   1.4971171e+02
   1.4976875e+02
   1.5017028e+02
   1.5012209e+02
   1.4987327e+02
   1.5026198e+02
   1.5033228e+02
   1.5010494e+02
   1.5060769e+02
   1.5016533e+02
   1.4997003e+02
   1.5052855e+02
   1.4947369e+02
   1.5008407e+02
   1.4990303e+02
   1.4983464e+02
   1.4979945e+02
   1.4975755e+02
   1.5008726e+02
   1.4985392e+02
   1.4979868e+02
